48
0
50000
10000
3000
2
714
5000
0
3000
0
0
0
50000
100000
0
2
0
8
8
24
879
0
14
0
1000
211
51
94
0
400
5
25
20000
0
694
1
0
2
56
300000
3000
33
0
0
0
126
113
7
73
2000
10
7
1
20000
1
3
366
139
560
7000
2
2000
3000
73
623
0
162
2000
0
125
30000
1
16
4
1
188
3000
12
200000
9
0
0
2000
2
0
1000
616
112
0
12
84
50
63
90
0
1
0
20000
0
5000
0
0
34
0
3000
40000
3000
24
200000
660
1000
1
3
2
10
10000
0
5
5
6
20
5
200000
0
775
30000
0
380
0
0
872
1000
117
849
0
6000
10000
0
1000
12
2000
0
20
109
108
66
8
0
0
900000
0
0
0
161
14
0
0
0
855
10000
0
8000
148
6000
19
0
1000
0
7
1
31
10
2
0
47
183
2
14
19
203
0
0
420
7
3
17
9
2
4
46
1000000
93
1000000
0
140
252
4
18
0
68
0
0
1000
1000
204
200000
1000
350
20000
742
0
285
7000
0
905
715
47
0
0
0
7
8
7
10
0
270
0
50000
0
401
1000
7
1000
5
932
406
1000
1
541
2000
1000
4
1000
781
136
0
0
1
300000
397
5
10000
100000
26
375
1
1000
577
1
2000
0
20000
4
6
38
80000
0
12
0
0
0
1
97
0
889
0
3000000
64
0
299
10000
0
0
319
0
50000
37
147
114
118
0
5000
0
0
0
0
10000
1000
0
3
212
13
0
60000
121
380
2000
8000
5
8
578
538
50000
1
9000
2000
100000
54
7
26
2
319
3000
10000
0
164
0
1000
0
122
400000
21
33
1000
1
2000
481
7000
548
1000
13
0
0
0
4
0
10
30
960
383
1
32
1000
169
300000
34
2000
76
1
20000
0
16
564
3000
0
230
4
18
89
1
20000
0
453
9
7
30000
2000
0
7
0
475
341
2
1000
1000
86
1000
61
2
2000
14
35
6
4
0
40000
0
1
0
1000
1
0
8000
895
9
0
3
382
6000
15
0
4
34
0
1
39
0
0
14
0
0
3000
39
468
0
11
129
0
0
303
27
7
2000
8
29
882
100000
166
106
341
72
57
0
7000
5000
2000
268
32
1000
179
0
94
839
15
8
3000
94
0
0
100000
0
819
0
3000000
10000
246
513
71
0
10000
4000
2000
7000
1000
6000
327
0
4000
506
400000
48
0
0
3
14
28
8
40000
10
20000
0
0
49
600000
0
505
0
186
31
0
60
1000
188
2
12
987
638
3000
10000
0
5000
0
99
800000
9
10000
2
0
20000
15
5
0
60000
1000
1
0
4000
1000
20000
0
2
8000
969
39
2
687
4
0
3
483
154
72
108
100
28
10000
675
21
31
0
0
13
810
8000
89
0
1000
71
1
700000
0
3000
0
1000
34
0
40000
112
199
0
557
15
0
0
0
0
488
0
16
97
10
1000
0
5000
0
2
175
295
50000
0
2000
20
296
0
1
277
0
3000
189
30000
0
230
678
14
12
0
301
875
33
1
20000
34
175
165
10
3
27
332
20
3000
0
0
856
23
477
0
31
0
4000
9
141
50
0
1
156
0
20000
33
2000
0
20
3
25
195
10000
2
5
8
847
4000
1000
30000
0
262
30
2000
6
10
7
1
110
206
0
0
300
0
30
1000
1000
20000
80
221
1
1000
1000
300000
17
0
2
0
100000
8
0
8000
0
0
331
6
30000
0
15
0
0
0
3
1000
12
606
0
0
259
0
10000
477
10000
80000
0
490
1
675
221
708
0
102
0
64
40000
70000
1000
7
51
308
0
42
917
96
0
0
10000
127
0
12
0
0
266
162
0
237
126
0
5
1000
41
2000
467
17
1000
11
9
0
591
631
31
0
0
1
14
155
0
4000
0
42
12
237
2000
17
903
304
285
0
250
1
2000
366
436
1
200000
0
10
1000
0
20000
11
68
3000
84
1000
276
10000
51
1
12
361
81
152
12
0
72
0
0
1
977
0
0
0
3
17
53
4000
892
1
123
98
75
745
2000
627
50000
0
5000
30000
143
0
0
6
0
8
581
0
0
0
2000
0
30000
6
799
0
7000
575
3
0
2
39
87
75
24
267
77
0
4000
353
55
3000
106
919
8000
2
0
20000
2
172
60
43
500000
0
0
6
70000
1000
0
248
739
31
0
16
0
20000
189
459
363
0
12
7
447
0
29
441
0
3
1
40000
43
2000
0
3000
0
1
0
1
10000
17
2000
377
1
1000
0
72
67
825
520
20000
51
207
30000
48
1
4000
60
2
580
2000
1000
11
0
258
600000
50000
4
21
965
0
3
177
67
2000
9
1
400000
93
333
23
30000
3
9000
0
66
14
1000
3
0
448
3000
1
453
286
500000
947
31
61
0
